[[ 1.5   -0.175  0.     0.     0.    -0.125  0.     0.     0.     0.     0.     0.     0.     0.     0.     0.     0.     0.     0.     0.     0.     0.     0.     0.     0.   ]
 [-0.075  1.5   -0.175  0.     0.     0.    -0.125  0.     0.     0.     0.     0.     0.     0.     0.     0.     0.     0.     0.     0.     0.     0.     0.     0.     0.   ]
 [ 0.    -0.075  1.5   -0.175  0.     0.     0.    -0.125  0.     0.     0.     0.     0.     0.     0.     0.     0.     0.     0.     0.     0.     0.     0.     0.     0.   ]
 [ 0.     0.    -0.075  1.5   -0.175  0.     0.     0.    -0.125  0.     0.     0.     0.     0.     0.     0.     0.     0.     0.     0.     0.     0.     0.     0.     0.   ]
 [ 0.     0.     0.    -0.075  1.5    0.     0.     0.     0.    -0.125  0.     0.     0.     0.     0.     0.     0.     0.     0.     0.     0.     0.     0.     0.     0.   ]
 [-0.125  0.     0.     0.     0.     1.5   -0.175  0.     0.     0.    -0.125  0.     0.     0.     0.     0.     0.     0.     0.     0.     0.     0.     0.     0.     0.   ]
 [ 0.    -0.125  0.     0.     0.    -0.075  1.5   -0.175  0.     0.     0.    -0.125  0.     0.     0.     0.     0.     0.     0.     0.     0.     0.     0.     0.     0.   ]
 [ 0.     0.    -0.125  0.     0.     0.    -0.075  1.5   -0.175  0.     0.     0.    -0.125  0.     0.     0.     0.     0.     0.     0.     0.     0.     0.     0.     0.   ]
 [ 0.     0.     0.    -0.125  0.     0.     0.    -0.075  1.5   -0.175  0.     0.     0.    -0.125  0.     0.     0.     0.     0.     0.     0.     0.     0.     0.     0.   ]
 [ 0.     0.     0.     0.    -0.125  0.     0.     0.    -0.075  1.5    0.     0.     0.     0.    -0.125  0.     0.     0.     0.     0.     0.     0.     0.     0.     0.   ]
 [ 0.     0.     0.     0.     0.    -0.125  0.     0.     0.     0.     1.5   -0.175  0.     0.     0.    -0.125  0.     0.     0.     0.     0.     0.     0.     0.     0.   ]
 [ 0.     0.     0.     0.     0.     0.    -0.125  0.     0.     0.    -0.075  1.5   -0.175  0.     0.     0.    -0.125  0.     0.     0.     0.     0.     0.     0.     0.   ]
 [ 0.     0.     0.     0.     0.     0.     0.    -0.125  0.     0.     0.    -0.075  1.5   -0.175  0.     0.     0.    -0.125  0.     0.     0.     0.     0.     0.     0.   ]
 [ 0.     0.     0.     0.     0.     0.     0.     0.    -0.125  0.     0.     0.    -0.075  1.5   -0.175  0.     0.     0.    -0.125  0.     0.     0.     0.     0.     0.   ]
 [ 0.     0.     0.     0.     0.     0.     0.     0.     0.    -0.125  0.     0.     0.    -0.075  1.5    0.     0.     0.     0.    -0.125  0.     0.     0.     0.     0.   ]
 [ 0.     0.     0.     0.     0.     0.     0.     0.     0.     0.    -0.125  0.     0.     0.     0.     1.5   -0.175  0.     0.     0.    -0.125  0.     0.     0.     0.   ]
 [ 0.     0.     0.     0.     0.     0.     0.     0.     0.     0.     0.    -0.125  0.     0.     0.    -0.075  1.5   -0.175  0.     0.     0.    -0.125  0.     0.     0.   ]
 [ 0.     0.     0.     0.     0.     0.     0.     0.     0.     0.     0.     0.    -0.125  0.     0.     0.    -0.075  1.5   -0.175  0.     0.     0.    -0.125  0.     0.   ]
 [ 0.     0.     0.     0.     0.     0.     0.     0.     0.     0.     0.     0.     0.    -0.125  0.     0.     0.    -0.075  1.5   -0.175  0.     0.     0.    -0.125  0.   ]
 [ 0.     0.     0.     0.     0.     0.     0.     0.     0.     0.     0.     0.     0.     0.    -0.125  0.     0.     0.    -0.075  1.5    0.     0.     0.     0.    -0.125]
 [ 0.     0.     0.     0.     0.     0.     0.     0.     0.     0.     0.     0.     0.     0.     0.    -0.125  0.     0.     0.     0.     1.5   -0.175  0.     0.     0.   ]
 [ 0.     0.     0.     0.     0.     0.     0.     0.     0.     0.     0.     0.     0.     0.     0.     0.    -0.125  0.     0.     0.    -0.075  1.5   -0.175  0.     0.   ]
 [ 0.     0.     0.     0.     0.     0.     0.     0.     0.     0.     0.     0.     0.     0.     0.     0.     0.    -0.125  0.     0.     0.    -0.075  1.5   -0.175  0.   ]
 [ 0.     0.     0.     0.     0.     0.     0.     0.     0.     0.     0.     0.     0.     0.     0.     0.     0.     0.    -0.125  0.     0.     0.    -0.075  1.5   -0.175]
 [ 0.     0.     0.     0.     0.     0.     0.     0.     0.     0.     0.     0.     0.     0.     0.     0.     0.     0.     0.    -0.125  0.     0.     0.    -0.075  1.5  ]]